[sliders]
white balance=6200.000000
exp=0.000000
contrast=0.000000
high=0.000000
mid=0.000000
whites=0.000000
low=0.000000
sat=0.000000
blur=1.000000
sharp=0.000000
high_thresh=1.000000
shad_thresh=0.000000
high_incr=1.000000
shad_incr=1.000000
shad_var=0.070000
var_mult=2.000000
lumexp=0.000000
lumcontrast=0.000000
lumhigh=0.000000
lummid=0.000000
lumwhites=0.000000
lumlow=0.000000
redexp=0.000000
redcontrast=0.000000
redhigh=0.000000
redmid=0.000000
redwhites=0.000000
redlow=0.000000
greenexp=0.000000
greencontrast=0.000000
greenhigh=0.000000
greenmid=0.000000
greenwhites=0.000000
greenlow=0.000000
blueexp=0.000000
bluecontrast=0.000000
bluehigh=0.000000
bluemid=0.000000
bluewhites=0.000000
bluelow=0.000000